[72347,72345,72346,0],
[72350,72348,72349,0],
[72353,72351,72352,0],
[72356,72354,72355,0]

[72360,72357,72358,72359],
[72364,72362,72363,0]

[72367,72364,72365,72366],
[72371,72368,72369,72370],
[72375,72372,72373,72374],
[72379,72376,72377,72378]

[72383,72380,72381,72382],
[72387,72384,72385,72386],
[72391,72388,72389,72390],
[72395,72392,72393,72394],
[72399,72396,72397,72398]

[72403,72400,72401,72402],
[72407,72404,72405,72406],
[72411,72409,72410,0],
[72414,72411,72412,72413],
[72418,72415,72416,72417],
[72422,72419,72420,72421],
[72426,72423,72424,72425],
[72430,72427,72428,72429]

[72434,72431,72432,72433],
[72438,72435,72436,72437],
[72442,72439,72440,72441],
[72446,72444,72445,0],
[72449,72447,72448,0]

